Multiple size <= 100
TEST 1 ARG:2 47 44 97 1 28 17 52 90 83 77 35 63 96 14 60 31 98 39 69 12 20 18 76 67 13 4 49 55 72 10 66 82 86 6 11 68 50 81 45 21 25 92 70 41 40 19 48 9 30 94 56 27 42 33 79 58 53 26 8 62 7 74 24 80 99 34 43 38 57 51 65 46 85 88 5 73 93 3 64 0 71 89 36 84 75 23 37 16 54 15 95 22 29 78 32 61 59 87 91
TEST 2 ARG:99 63 52 91 42 17 46 31 70 32 89 53 3 83 20 11 12 37 95 18 84 24 30 90 34 64 4 16 1 55 86 47 15 41 80 23 62 81 8 79 58 49 25 22 61 14 97 21 72 93 45 71 33 75 74 73 2 9 66 78 57 94 40 69 10 82 29 76 68 54 59 56 43 92 60 26 13 77 36 19 98 67 38 87 51 85 48 28 27 88 0 6 5 65 96 44 39 50 7 35
TEST 3 ARG:65 15 60 54 33 29 77 41 86 20 89 56 48 25 22 92 75 45 73 16 9 71 88 87 44 93 47 39 43 79 38 32 7 52 18 66 90 28 8 42 3 27 13 4 84 53 97 81 35 23 61 51 36 14 40 95 37 12 50 1 26 70 17 78 57 10 24 46 11 31 80 74 64 0 58 63 91 99 19 85 68 94 82 6 83 62 49 67 30 69 55 34 72 59 76 96 21 98 2 5
TEST 4 ARG:29 52 86 27 17 14 42 72 59 68 63 28 36 35 62 9 96 73 12 71 3 79 19 7 51 4 41 33 66 57 26 0 5 77 38 89 84 34 91 60 74 76 58 93 70 94 22 23 11 16 48 75 47 55 18 15 6 97 99 90 92 61 98 67 64 95 39 54 69 56 24 49 25 83 20 21 13 78 53 31 43 80 65 46 30 45 40 44 81 32 82 2 1 37 50 10 85 88 8 87
TEST 5 ARG:39 37 2 63 4 60 43 85 18 64 69 11 23 56 32 74 7 61 40 38 86 31 52 68 28 13 24 45 54 30 67 41 89 22 80 16 12 65 20 94 62 78 91 77 71 27 36 98 48 3 83 34 72 15 95 92 57 21 75 25 35 50 82 49 26 9 66 0 59 97 84 53 70 44 90 17 8 1 88 73 99 87 55 93 79 96 42 10 6 58 81 47 19 51 76 33 46 14 29 5
TEST 6 ARG:97 33 48 50 68 17 10 51 13 83 36 49 29 93 14 42 15 66 69 64 89 44 46 55 87 41 71 53 40 6 24 30 65 63 27 25 85 0 22 9 60 62 79 95 21 81 19 88 12 23 35 34 20 67 4 86 52 37 43 59 58 72 45 90 28 75 26 54 2 1 56 78 57 82 61 76 31 32 70 8 98 11 18 99 77 94 5 38 84 73 39 80 7 91 16 96 3 92 74 47
TEST 7 ARG:3 46 38 76 15 25 12 88 40 29 84 99 34 27 74 31 20 17 18 13 86 1 68 16 42 80 7 58 33 77 45 10 57 32 2 52 59 97 11 35 44 47 61 62 67 93 19 91 72 30 21 48 96 6 87 65 56 60 94 41 79 53 75 4 5 73 63 92 90 78 95 37 8 36 22 89 14 50 51 69 23 54 26 49 81 0 24 83 39 43 71 66 9 64 98 55 70 85 28 82
TEST 8 ARG:43 66 58 57 96 53 35 61 0 92 6 25 72 69 93 24 77 84 82 23 81 4 32 19 56 46 5 90 41 27 67 79 78 97 2 40 83 11 1 62 86 28 54 99 39 74 36 85 42 22 70 8 63 88 87 31 34 13 89 30 76 98 64 15 33 14 45 7 12 49 16 95 21 71 52 75 9 37 20 73 60 80 51 3 18 94 50 47 48 29 68 91 59 10 17 26 44 38 55 65
TEST 9 ARG:74 33 37 87 22 44 19 56 98 12 61 0 52 42 67 72 26 90 35 60 63 32 21 43 86 9 92 71 82 53 75 89 50 58 13 36 39 59 46 5 97 7 62 85 83 4 2 17 77 76 27 78 29 91 28 80 94 45 70 15 69 1 40 68 18 47 88 55 30 66 20 14 64 79 96 41 73 8 84 6 93 48 34 23 10 38 81 99 51 11 95 16 49 57 31 25 65 3 54 24
TEST 10 ARG:96 11 45 53 18 93 2 77 88 12 30 7 51 20 8 79 29 83 78 67 36 74 24 13 14 25 57 92 99 80 65 1 48 56 50 19 72 43 55 81 39 15 58 22 37 16 41 33 0 40 87 85 73 75 54 70 9 59 97 71 34 94 10 68 84 64 89 26 91 31 44 76 35 69 95 86 23 52 62 27 5 63 47 49 6 98 82 60 3 32 38 4 61 28 46 21 42 90 66 17
TEST 11 ARG:43 57 58 82 75 80 22 14 55 65 60 34 21 68 87 17 45 89 31 67 2 83 16 20 4 93 28 71 94 47 27 8 66 92 88 3 15 56 95 72 53 25 74 29 69 70 86 78 50 41 6 33 39 98 30 11 42 81 46 77 36 49 54 5 90 84 76 99 18 38 10 64 13 12 91 19 32 0 37 48 35 44 52 59 26 79 9 96 97 40 63 7 85 23 51 1 24 62 73 61
TEST 12 ARG:0 59 91 2 21 35 69 27 78 58 32 43 72 54 6 11 8 29 92 66 86 93 9 22 83 98 20 81 37 12 4 13 7 15 41 24 25 26 52 45 50 1 85 77 75 5 56 49 31 65 70 30 88 51 76 87 39 68 28 79 44 48 47 17 67 64 73 80 10 14 95 97 40 61 89 84 74 16 36 60 3 82 71 33 46 53 19 62 38 96 63 90 55 42 94 57 99 18 23 34
TEST 13 ARG:24 51 4 90 46 23 40 10 97 80 76 59 32 21 89 98 52 84 28 47 48 88 30 96 75 92 39 71 27 54 79 9 63 43 55 1 33 69 38 49 57 44 18 83 73 34 36 82 61 95 22 91 94 81 45 19 66 2 56 78 6 12 93 37 74 65 5 85 35 53 16 3 72 31 20 62 87 41 42 99 60 58 64 7 77 0 17 86 14 29 26 68 11 70 67 25 15 13 8 50
TEST 14 ARG:99 59 82 69 11 45 25 94 41 89 58 26 97 35 80 76 67 3 52 60 86 1 93 9 71 90 15 18 65 36 75 21 14 10 13 47 38 96 5 16 77 73 54 4 70 31 66 28 39 64 95 49 78 50 19 91 33 43 57 85 74 27 34 84 87 30 48 92 55 40 81 22 88 23 44 7 98 0 53 32 8 46 2 6 42 72 51 83 24 79 68 61 63 17 12 20 37 62 56 29
TEST 15 ARG:7 14 32 30 19 5 50 38 33 84 91 3 12 78 31 75 66 52 69 0 70 9 77 4 17 99 25 24 79 13 74 81 63 39 44 87 36 98 8 42 40 86 96 20 27 34 15 35 90 76 71 61 2 47 82 65 95 59 97 56 54 80 48 55 67 6 45 41 53 92 26 83 64 18 60 23 62 57 93 11 43 72 49 29 68 22 85 28 88 37 10 51 73 89 21 46 16 94 1 58
TEST 16 ARG:65 21 78 99 60 30 81 87 56 62 53 70 33 12 90 11 47 58 98 64 49 13 6 91 71 44 54 63 40 68 38 93 34 57 2 5 23 88 73 80 59 36 72 66 32 85 1 50 75 74 27 14 19 97 7 18 94 46 86 61 24 67 95 43 51 82 8 45 41 92 0 4 35 69 31 48 22 84 26 77 39 55 42 52 83 10 20 15 3 28 29 17 76 89 16 96 79 37 25 9
TEST 17 ARG:94 21 88 31 46 67 80 99 68 26 91 28 78 34 1 15 0 45 95 74 2 19 49 75 50 96 35 43 89 20 33 3 51 18 22 86 38 32 14 41 69 62 56 66 16 72 47 84 98 36 12 77 87 60 6 97 42 82 52 55 93 27 85 30 25 11 7 24 90 44 40 5 9 65 61 39 59 79 70 10 54 57 58 8 71 13 63 48 73 81 83 23 17 92 76 64 29 37 53 4
TEST 18 ARG:73 9 76 50 49 75 8 96 44 63 45 51 0 52 36 99 54 27 85 55 38 62 57 92 4 5 16 37 82 28 25 30 94 1 23 20 81 95 2 68 24 80 11 12 32 79 17 35 48 88 98 15 69 53 83 26 3 22 87 7 47 34 60 91 46 41 77 42 93 43 65 6 58 78 86 40 70 74 39 66 71 84 29 14 90 72 67 10 89 64 97 13 33 19 31 56 59 61 21 18
TEST 19 ARG:43 84 4 25 87 97 90 70 56 16 20 81 54 68 27 17 37 21 64 51 79 62 45 60 34 58 55 94 39 14 33 83 1 48 26 89 76 99 46 10 63 61 42 19 69 13 11 77 78 2 6 67 36 85 0 40 98 71 32 80 53 74 22 18 65 95 3 96 57 28 38 23 9 66 31 44 72 75 86 12 29 47 52 88 50 35 73 24 41 82 93 92 59 15 7 5 91 30 8 49
